1.1714515686035156
0.0020012855529785156
0.0009982585906982422
0.001972198486328125
0.001001596450805664
0.002000093460083008
0.0019998550415039062
0.0010001659393310547
0.0020029544830322266
0.0010018348693847656
0.0010006427764892578
0.0009996891021728516
0.0010008811950683594
0.00099945068359375
0.001001119613647461
0.0010001659393310547
0.0010001659393310547
0.0010001659393310547
0.0009992122650146484
0.0010001659393310547
0.0010006427764892578
0.0009999275207519531
0.0009601116180419922
0.0009996891021728516
0.001028299331665039
0.001999378204345703
0.0010006427764892578
0.001003265380859375
0.001001119613647461
0.001001119613647461
0.00099945068359375
0.0010001659393310547
0.0010001659393310547
0.0010004043579101562
0.0019996166229248047
0.0009996891021728516
0.0009984970092773438
0.001001119613647461
0.0010004043579101562
0.0010004043579101562
0.0010116100311279297
0.0009696483612060547
0.001001596450805664
0.0009996891021728516
0.0010006427764892578
0.002000570297241211
0.0010006427764892578
0.0009996891021728516
0.0009999275207519531
0.0009982585906982422
0.0010001659393310547
0.0009992122650146484
0.0009999275207519531
0.00099945068359375
0.0010001659393310547
0.0020003318786621094
0.0009996891021728516
0.0019998550415039062
0.0010006427764892578
0.0009996891021728516
0.002000093460083008
0.002001523971557617
0.0009992122650146484
0.001001596450805664
0.001999378204345703
0.0019986629486083984
0.0009992122650146484
0.00099945068359375
0.002002239227294922
0.00099945068359375
0.00099945068359375
0.00099945068359375
0.0010004043579101562
0.001001119613647461
0.0009999275207519531
0.0009942054748535156
0.0009989738464355469
0.0009999275207519531
0.00099945068359375
0.0009987354278564453
0.0009996891021728516
0.0009996891021728516
0.0009989738464355469
0.0009996891021728516
0.0009999275207519531
0.0019986629486083984
0.0009996891021728516
0.001001119613647461
0.0009996891021728516
0.0010013580322265625
0.0010001659393310547
0.0010006427764892578
0.0010001659393310547
0.0009999275207519531
0.0010008811950683594
0.0009992122650146484
0.0010008811950683594
0.0009999275207519531
0.0010006427764892578
0.0010006427764892578
