9.436531066894531
0.3950309753417969
0.07183289527893066
0.055637359619140625
0.054094791412353516
0.05287933349609375
0.056746482849121094
0.053436279296875
0.05412793159484863
0.05417299270629883
0.05801200866699219
0.06008481979370117
0.0536646842956543
0.05493927001953125
0.05512666702270508
0.054032325744628906
0.05433320999145508
0.05556488037109375
0.05528378486633301
0.05435037612915039
0.05240321159362793
0.05189800262451172
0.05435943603515625
0.05405569076538086
0.054049015045166016
0.05666184425354004
0.053919076919555664
0.05422329902648926
0.05512547492980957
0.05947399139404297
0.05531620979309082
0.05432844161987305
0.056232452392578125
0.059607505798339844
0.0546412467956543
0.055524587631225586
0.06125831604003906
0.0549013614654541
0.05808854103088379
0.05449676513671875
0.05392313003540039
0.05552196502685547
0.05523800849914551
0.05419588088989258
0.057573795318603516
0.05922198295593262
0.05508828163146973
0.0668184757232666
0.054608821868896484
0.06319427490234375
0.05724811553955078
0.05563235282897949
0.0662386417388916
0.061409711837768555
0.06373167037963867
0.060201406478881836
0.05942869186401367
0.059680938720703125
0.05426216125488281
0.05581045150756836
0.05856966972351074
0.0553891658782959
0.05457568168640137
0.05583620071411133
0.04849600791931152
0.054389238357543945
0.05468916893005371
0.05713057518005371
0.05567455291748047
0.05891585350036621
0.05623006820678711
0.054375410079956055
0.05515766143798828
0.05439901351928711
0.058690547943115234
0.058717966079711914
0.05765533447265625
0.05711698532104492
0.056138038635253906
0.05490446090698242
0.05445981025695801
0.06377148628234863
0.05466437339782715
0.05466103553771973
0.057538509368896484
0.05406451225280762
0.05405449867248535
0.05578494071960449
0.05393218994140625
0.054219722747802734
0.05811715126037598
0.053841590881347656
0.054169654846191406
0.058379411697387695
0.054624080657958984
0.05813241004943848
0.057050466537475586
0.058320045471191406
0.0555117130279541
0.058741092681884766
