1.3107035160064697
0.009034872055053711
0.005999326705932617
0.0050008296966552734
0.003998756408691406
0.0060002803802490234
0.006034135818481445
0.006037712097167969
0.0039997100830078125
0.0060002803802490234
0.004999876022338867
0.0060024261474609375
0.004000663757324219
0.003998517990112305
0.005002498626708984
0.003997087478637695
0.004039287567138672
0.0039980411529541016
0.0029997825622558594
0.003998279571533203
0.003999471664428711
0.003999471664428711
0.003999233245849609
0.003997802734375
0.003999233245849609
0.004999876022338867
0.003999471664428711
0.003960609436035156
0.006025552749633789
0.00396275520324707
0.006000995635986328
0.0039997100830078125
0.003994941711425781
0.004001140594482422
0.004002571105957031
0.004039287567138672
0.003998517990112305
0.004998207092285156
0.005001544952392578
0.005996227264404297
0.00599980354309082
0.0030002593994140625
0.003996610641479492
0.0060024261474609375
0.0039997100830078125
0.004999876022338867
0.005998849868774414
0.003998279571533203
0.003962039947509766
0.003999471664428711
0.0049970149993896484
0.003999948501586914
0.004000186920166016
0.003998994827270508
0.00400090217590332
0.0050008296966552734
0.003999948501586914
0.005999326705932617
0.005998134613037109
0.0029990673065185547
0.004000186920166016
0.00400090217590332
0.003999948501586914
0.004999876022338867
0.006001949310302734
0.003998756408691406
0.004006624221801758
0.006000518798828125
0.005002498626708984
0.0039942264556884766
0.003000497817993164
0.003998517990112305
0.005999565124511719
0.003998517990112305
0.005001068115234375
0.0039997100830078125
0.0029993057250976562
0.004000663757324219
0.004997968673706055
0.005028247833251953
0.0030007362365722656
0.005042076110839844
0.003999233245849609
0.003999948501586914
0.004004001617431641
0.00400090217590332
0.006001472473144531
0.004000425338745117
0.0039980411529541016
0.003999948501586914
0.0039980411529541016
0.003998279571533203
0.0060002803802490234
0.004000425338745117
0.003001689910888672
0.003992557525634766
0.003000020980834961
0.0030028820037841797
0.00400233268737793
0.005999088287353516
