3.205313205718994
0.031336069107055664
0.021006107330322266
0.017231464385986328
0.01748180389404297
0.01750659942626953
0.015578031539916992
0.015594005584716797
0.015538454055786133
0.015553951263427734
0.015491008758544922
0.015700578689575195
0.01560211181640625
0.015607118606567383
0.0156557559967041
0.015648603439331055
0.015996456146240234
0.016057729721069336
0.01552438735961914
0.017430543899536133
0.017452478408813477
0.015568733215332031
0.015611410140991211
0.015674352645874023
0.015551567077636719
0.01587843894958496
0.01584601402282715
0.015577554702758789
0.015583276748657227
0.015607595443725586
0.01557302474975586
0.015887737274169922
0.015582084655761719
0.015752077102661133
0.018148183822631836
0.015547990798950195
0.01573967933654785
0.015538930892944336
0.015868663787841797
0.015743017196655273
0.015513896942138672
0.015557289123535156
0.018705129623413086
0.01572561264038086
0.015625953674316406
0.01582503318786621
0.01563429832458496
0.015667200088500977
0.015565156936645508
0.01565074920654297
0.01601243019104004
0.015523433685302734
0.01645684242248535
0.01633429527282715
0.015766382217407227
0.015581130981445312
0.015846729278564453
0.01569223403930664
0.016694307327270508
0.01643991470336914
0.01733112335205078
0.015908241271972656
0.015562772750854492
0.015706300735473633
0.015631675720214844
0.01560521125793457
0.01559305191040039
0.016042470932006836
0.01565861701965332
0.016508817672729492
0.015819549560546875
0.015799999237060547
0.016190052032470703
0.01560664176940918
0.015613555908203125
0.015568017959594727
0.015561580657958984
0.015920400619506836
0.015680551528930664
0.015567302703857422
0.01752305030822754
0.015525102615356445
0.01550602912902832
0.01549673080444336
0.015674829483032227
0.016195058822631836
0.016049861907958984
0.015499353408813477
0.01651310920715332
0.018739938735961914
0.015747785568237305
0.015447616577148438
0.015572786331176758
0.015610218048095703
0.016134023666381836
0.015559673309326172
0.015566110610961914
0.015725374221801758
0.016094446182250977
0.015698671340942383
