2.9893734455108643
0.027993202209472656
0.008037567138671875
0.01003408432006836
0.008037328720092773
0.008029699325561523
0.00800180435180664
0.00799870491027832
0.009030818939208984
0.011997222900390625
0.008998870849609375
0.00799870491027832
0.00800180435180664
0.009001493453979492
0.0110015869140625
0.019998550415039062
0.007987737655639648
0.010001182556152344
0.011998891830444336
0.02293252944946289
0.020000219345092773
0.007999897003173828
0.01999950408935547
0.009037256240844727
0.011997699737548828
0.01099538803100586
0.009002208709716797
0.02296161651611328
0.009002447128295898
0.021000146865844727
0.011991500854492188
0.010978460311889648
0.01899433135986328
0.026011943817138672
0.026002883911132812
0.028011322021484375
0.017965316772460938
0.02301192283630371
0.011008977890014648
0.010027647018432617
0.022000789642333984
0.009973526000976562
0.018024682998657227
0.021030426025390625
0.011992692947387695
0.03800559043884277
0.03003072738647461
0.03302192687988281
0.02600574493408203
0.025006532669067383
0.03300905227661133
0.03507184982299805
0.039006710052490234
0.03500652313232422
0.039012908935546875
0.029967784881591797
0.025967121124267578
0.025005817413330078
0.031007766723632812
0.026009559631347656
0.03000473976135254
0.02900528907775879
0.028003931045532227
0.03100728988647461
0.024004220962524414
0.02900075912475586
0.02400803565979004
0.03600668907165527
0.0340123176574707
0.02901434898376465
0.0330195426940918
0.03101968765258789
0.024003982543945312
0.023998022079467773
0.030005455017089844
0.034024953842163086
0.026978254318237305
0.030035734176635742
0.03500485420227051
0.028002500534057617
0.03200793266296387
0.02901172637939453
0.030000925064086914
0.03106975555419922
0.030002593994140625
0.030017614364624023
0.02600383758544922
0.025009632110595703
0.025003433227539062
0.030009984970092773
0.023984909057617188
0.025980710983276367
0.02500176429748535
0.026070594787597656
0.025005102157592773
0.027013301849365234
0.027067899703979492
0.0299685001373291
0.0350644588470459
0.028017282485961914
