2.9037880897521973
0.025000572204589844
0.014999866485595703
0.010003089904785156
0.009999275207519531
0.010998964309692383
0.010998964309692383
0.010035991668701172
0.009963750839233398
0.009989738464355469
0.012959718704223633
0.01403665542602539
0.011963844299316406
0.009996175765991211
0.009998798370361328
0.013000965118408203
0.008998632431030273
0.010001420974731445
0.009999513626098633
0.010000467300415039
0.011001825332641602
0.013002634048461914
0.009999990463256836
0.009999752044677734
0.009998083114624023
0.014999866485595703
0.01299738883972168
0.017998695373535156
0.009987592697143555
0.009998559951782227
0.014042139053344727
0.010997295379638672
0.01596212387084961
0.010999917984008789
0.010037660598754883
0.011000394821166992
0.010991096496582031
0.011999368667602539
0.010999202728271484
0.011994123458862305
0.012998819351196289
0.017961978912353516
0.0169985294342041
0.012001276016235352
0.011000394821166992
0.014998912811279297
0.012999296188354492
0.014996767044067383
0.011004209518432617
0.011996269226074219
0.008998632431030273
0.018003463745117188
0.01700139045715332
0.015001535415649414
0.009996414184570312
0.0149993896484375
0.010000467300415039
0.010042667388916016
0.015999794006347656
0.011996269226074219
0.013965606689453125
0.013039112091064453
0.010002851486206055
0.013994455337524414
0.015999794006347656
0.009997844696044922
0.013998985290527344
0.009000301361083984
0.014999151229858398
0.009997129440307617
0.014999866485595703
0.01099705696105957
0.011003255844116211
0.010961532592773438
0.012000560760498047
0.012001991271972656
0.009998083114624023
0.014000415802001953
0.010001659393310547
0.013997793197631836
0.017003297805786133
0.01204228401184082
0.009962081909179688
0.009987354278564453
0.010994672775268555
0.009999990463256836
0.009999275207519531
0.009994745254516602
0.014000892639160156
0.009998083114624023
0.014995574951171875
0.016000747680664062
0.014961719512939453
0.019034862518310547
0.009999513626098633
0.009995460510253906
0.013971090316772461
0.015038013458251953
0.00900125503540039
0.010001659393310547
