3.7154135704040527
0.015552282333374023
0.004605531692504883
0.004794597625732422
0.004957675933837891
0.0049896240234375
0.004769086837768555
0.0047571659088134766
0.004760026931762695
0.004829883575439453
0.004868507385253906
0.004793882369995117
0.004761695861816406
0.006071329116821289
0.004782676696777344
0.004746198654174805
0.004794120788574219
0.0048139095306396484
0.0050313472747802734
0.004957675933837891
0.0058710575103759766
0.004764080047607422
0.00477147102355957
0.00480961799621582
0.0047435760498046875
0.004769325256347656
0.004759550094604492
0.004883527755737305
0.0046844482421875
0.004765748977661133
0.004714250564575195
0.004797458648681641
0.006510734558105469
0.004801511764526367
0.005297183990478516
0.005806922912597656
0.004779815673828125
0.004837989807128906
0.004722118377685547
0.0048084259033203125
0.00468754768371582
0.00479888916015625
0.00468754768371582
0.004894733428955078
0.004755973815917969
0.004762411117553711
0.004724979400634766
0.004809856414794922
0.004734992980957031
0.00501251220703125
0.004705190658569336
0.004822731018066406
0.004706382751464844
0.004745960235595703
0.005791187286376953
0.004780769348144531
0.005211830139160156
0.004746913909912109
0.0047359466552734375
0.004843711853027344
0.00469517707824707
0.004804849624633789
0.00503087043762207
0.004765987396240234
0.004766702651977539
0.0047607421875
0.004716634750366211
0.004911184310913086
0.005009174346923828
0.004707813262939453
0.004713773727416992
0.004737138748168945
0.004724740982055664
0.005235910415649414
0.004754304885864258
0.0047702789306640625
0.004708051681518555
0.004822969436645508
0.004945993423461914
0.004873752593994141
0.00472259521484375
0.004950761795043945
0.004762411117553711
0.00475764274597168
0.00484776496887207
0.004761934280395508
0.004733562469482422
0.005193948745727539
0.0047473907470703125
0.004739999771118164
0.004721641540527344
0.004731178283691406
0.004732608795166016
0.004811763763427734
0.004706144332885742
0.004754543304443359
0.00472712516784668
0.004784822463989258
0.004671573638916016
0.004563808441162109
