7.128173828125
0.10534405708312988
0.0516200065612793
0.048760414123535156
0.044416189193725586
0.0496518611907959
0.04351520538330078
0.046079158782958984
0.04382658004760742
0.045926809310913086
0.04361367225646973
0.05022692680358887
0.05031323432922363
0.05042576789855957
0.04418349266052246
0.04422163963317871
0.04407095909118652
0.044014930725097656
0.044419050216674805
0.04444241523742676
0.04565882682800293
0.04528069496154785
0.04378032684326172
0.04394793510437012
0.04399919509887695
0.043671607971191406
0.04391741752624512
0.04607558250427246
0.044229984283447266
0.045006513595581055
0.04472088813781738
0.0437469482421875
0.04422593116760254
0.04371333122253418
0.04509568214416504
0.04415178298950195
0.044393062591552734
0.044034719467163086
0.04750633239746094
0.04422354698181152
0.04413628578186035
0.04399561882019043
0.04442334175109863
0.04407048225402832
0.04503178596496582
0.044451236724853516
0.044025421142578125
0.04416370391845703
0.0522923469543457
0.04465508460998535
0.04427623748779297
0.046289682388305664
0.04416608810424805
0.04390430450439453
0.04416155815124512
0.046588897705078125
0.04390430450439453
0.04421734809875488
0.044121742248535156
0.045819997787475586
0.04414510726928711
0.04601621627807617
0.04398202896118164
0.044599056243896484
0.04449605941772461
0.04584169387817383
0.04488205909729004
0.04403328895568848
0.04380965232849121
0.045031070709228516
0.04418373107910156
0.04420900344848633
0.0472409725189209
0.04405498504638672
0.045140981674194336
0.04455852508544922
0.0440828800201416
0.044820308685302734
0.04700350761413574
0.04420733451843262
0.0450897216796875
0.044088125228881836
0.04400515556335449
0.04409217834472656
0.04411149024963379
0.04413485527038574
0.04387044906616211
0.04441666603088379
0.04421520233154297
0.044706106185913086
0.04447364807128906
0.04405713081359863
0.04440760612487793
0.04449343681335449
0.0442659854888916
0.04657268524169922
0.04446816444396973
0.04407501220703125
0.04413247108459473
0.0444948673248291
